FAT table (4096 bytes) content:
 0   0
 1   0
 2   0
 3   -1
 4   0
 5   213
 6   0
 7   0
 8   191
 9   0
 10   0
 11   0
 12   0
 13   314
 14   0
 15   62
 16   73
 17   0
 18   0
 19   0
 20   0
 21   0
 22   0
 23   0
 24   0
 25   0
 26   0
 27   0
 28   0
 29   0
 30   0
 31   0
 32   0
 33   158
 34   0
 35   0
 36   0
 37   317
 38   0
 39   508
 40   52
 41   0
 42   0
 43   0
 44   262
 45   350
 46   0
 47   0
 48   0
 49   0
 50   0
 51   0
 52   305
 53   0
 54   0
 55   148
 56   0
 57   0
 58   0
 59   0
 60   0
 61   0
 62   237
 63   0
 64   386
 65   118
 66   0
 67   0
 68   196
 69   0
 70   0
 71   0
 72   0
 73   407
 74   0
 75   0
 76   0
 77   0
 78   0
 79   354
 80   0
 81   0
 82   242
 83   0
 84   0
 85   130
 86   0
 87   0
 88   0
 89   0
 90   504
 91   0
 92   505
 93   0
 94   0
 95   0
 96   0
 97   0
 98   0
 99   0
 100   0
 101   208
 102   0
 103   0
 104   0
 105   167
 106   0
 107   316
 108   0
 109   0
 110   0
 111   507
 112   0
 113   176
 114   0
 115   0
 116   248
 117   0
 118   352
 119   0
 120   0
 121   0
 122   0
 123   240
 124   0
 125   0
 126   129
 127   0
 128   37
 129   398
 130   -1
 131   0
 132   0
 133   0
 134   0
 135   293
 136   0
 137   0
 138   506
 139   111
 140   0
 141   0
 142   0
 143   0
 144   296
 145   451
 146   39
 147   0
 148   471
 149   -1
 150   0
 151   0
 152   0
 153   0
 154   0
 155   0
 156   44
 157   113
 158   333
 159   463
 160   206
 161   0
 162   0
 163   0
 164   0
 165   0
 166   0
 167   418
 168   0
 169   0
 170   0
 171   0
 172   0
 173   0
 174   0
 175   0
 176   215
 177   0
 178   0
 179   0
 180   0
 181   259
 182   0
 183   159
 184   16
 185   0
 186   0
 187   0
 188   0
 189   0
 190   0
 191   340
 192   160
 193   0
 194   441
 195   0
 196   440
 197   184
 198   465
 199   0
 200   0
 201   0
 202   0
 203   0
 204   0
 205   0
 206   261
 207   0
 208   385
 209   5
 210   390
 211   0
 212   0
 213   241
 214   389
 215   107
 216   0
 217   0
 218   0
 219   0
 220   336
 221   0
 222   0
 223   0
 224   145
 225   0
 226   8
 227   0
 228   0
 229   101
 230   0
 231   0
 232   0
 233   475
 234   0
 235   0
 236   0
 237   224
 238   0
 239   0
 240   90
 241   13
 242   197
 243   0
 244   116
 245   404
 246   411
 247   0
 248   477
 249   0
 250   68
 251   0
 252   0
 253   0
 254   126
 255   0
 256   490
 257   0
 258   0
 259   194
 260   0
 261   355
 262   45
 263   0
 264   0
 265   0
 266   0
 267   0
 268   425
 269   0
 270   0
 271   0
 272   0
 273   0
 274   0
 275   0
 276   0
 277   0
 278   0
 279   0
 280   0
 281   0
 282   0
 283   0
 284   0
 285   0
 286   0
 287   0
 288   0
 289   0
 290   0
 291   0
 292   0
 293   156
 294   0
 295   0
 296   214
 297   0
 298   332
 299   0
 300   0
 301   0
 302   0
 303   0
 304   0
 305   144
 306   0
 307   0
 308   0
 309   0
 310   0
 311   0
 312   0
 313   0
 314   123
 315   0
 316   326
 317   402
 318   0
 319   0
 320   0
 321   0
 322   0
 323   0
 324   85
 325   0
 326   105
 327   0
 328   0
 329   0
 330   0
 331   0
 332   476
 333   233
 334   254
 335   0
 336   64
 337   0
 338   0
 339   0
 340   324
 341   0
 342   0
 343   356
 344   0
 345   0
 346   0
 347   183
 348   0
 349   0
 350   79
 351   0
 352   157
 353   0
 354   92
 355   138
 356   181
 357   0
 358   0
 359   0
 360   15
 361   0
 362   0
 363   0
 364   0
 365   0
 366   0
 367   0
 368   0
 369   0
 370   0
 371   0
 372   0
 373   0
 374   0
 375   0
 376   0
 377   0
 378   0
 379   0
 380   0
 381   0
 382   0
 383   0
 384   0
 385   146
 386   -1
 387   0
 388   0
 389   268
 390   423
 391   0
 392   0
 393   0
 394   0
 395   0
 396   0
 397   0
 398   422
 399   0
 400   0
 401   0
 402   298
 403   0
 404   210
 405   0
 406   0
 407   55
 408   0
 409   0
 410   0
 411   40
 412   0
 413   0
 414   0
 415   0
 416   0
 417   0
 418   245
 419   0
 420   0
 421   0
 422   343
 423   244
 424   229
 425   347
 426   139
 427   0
 428   0
 429   0
 430   0
 431   0
 432   0
 433   0
 434   0
 435   0
 436   0
 437   0
 438   0
 439   0
 440   246
 441   495
 442   0
 443   0
 444   0
 445   0
 446   0
 447   0
 448   0
 449   0
 450   0
 451   33
 452   0
 453   0
 454   0
 455   0
 456   0
 457   0
 458   0
 459   0
 460   0
 461   0
 462   0
 463   509
 464   0
 465   192
 466   0
 467   0
 468   0
 469   0
 470   0
 471   250
 472   0
 473   0
 474   0
 475   424
 476   198
 477   82
 478   0
 479   0
 480   0
 481   0
 482   0
 483   0
 484   0
 485   0
 486   0
 487   0
 488   0
 489   0
 490   426
 491   0
 492   0
 493   0
 494   0
 495   226
 496   0
 497   0
 498   0
 499   0
 500   0
 501   0
 502   0
 503   0
 504   135
 505   256
 506   334
 507   360
 508   65
 509   128
 510   0
 511   0